0.0000; -0.0000
0.0111; 7.8069
0.0166; 11.6594
0.0222; 15.4720
0.0277; 19.2453
0.0333; 22.9797
0.0389; 26.6756
0.0444; 30.3337
0.0500; 33.9543
0.0555; 37.5379
0.0611; 41.0850
0.0666; 44.5959
0.0722; 48.0712
0.0777; 51.5112
0.0833; 54.9163
0.0889; 58.2870
0.0944; 61.6237
0.1000; 64.9268
0.1055; 68.1966
0.1111; 71.4336
0.1166; 74.6380
0.1222; 77.8104
0.1277; 80.9510
0.1333; 84.0603
0.1389; 87.1385
0.1444; 90.1860
0.1500; 93.2032
0.1555; 96.1904
0.1611; 99.1479
0.1666; 102.0761
0.1722; 104.9752
0.1777; 107.8456
0.1833; 110.6876
0.1889; 113.5015
0.1944; 116.2876
0.2000; 119.0462
0.2055; 121.7776
0.2111; 124.4820
0.2166; 127.1598
0.2222; 129.8112
0.2277; 132.4365
0.2333; 135.0360
0.2389; 137.6099
0.2444; 140.1585
0.2500; 142.6821
0.2555; 145.1808
0.2611; 147.6550
0.2666; 150.1049
0.2722; 152.5307
0.2777; 154.9327
0.2833; 157.3110
0.2889; 159.6661
0.2944; 161.9979
0.3000; 164.3069
0.3055; 166.5931
0.3111; 168.8569
0.3166; 171.0984
0.3222; 173.3178
0.3277; 175.5153
0.3333; 177.6912
0.3389; 179.8457
0.3444; 181.9789
0.3500; 184.0910
0.3555; 186.1823
0.3611; 188.2529
0.3666; 190.3029
0.3722; 192.3327
0.3777; 194.3423
0.3833; 196.3320
0.3889; 198.3019
0.3944; 200.2522
0.4000; 202.1830
0.4055; 204.0946
0.4111; 205.9871
0.4166; 207.8606
0.4222; 209.7154
0.4277; 211.5515
0.4333; 213.3691
0.4389; 215.1684
0.4444; 216.9496
0.4500; 218.7127
0.4555; 220.4580
0.4611; 222.1856
0.4666; 223.8955
0.4722; 225.5880
0.4777; 227.2632
0.4833; 228.9213
0.4889; 230.5623
0.4944; 232.1864
0.5000; 233.7938
0.5055; 235.3844
0.5111; 236.9586
0.5166; 238.5164
0.5222; 240.0579
0.5277; 241.5833
0.5333; 243.0927
0.5389; 244.5861
0.5444; 246.0638
0.5500; 247.5257
0.5555; 248.9722
0.5611; 250.4031
0.5666; 251.8187
0.5722; 253.2191
0.5777; 254.6044
0.5833; 255.9746
0.5889; 257.3299
0.5944; 258.6704
0.6000; 259.9962
0.6055; 261.3073
0.6111; 262.6040
0.6166; 263.8862
0.6222; 265.1540
0.6277; 266.4077
0.6333; 267.6472
0.6389; 268.8726
0.6444; 270.0841
0.6500; 271.2817
0.6555; 272.4656
0.6611; 273.6357
0.6666; 274.7922
0.6722; 275.9351
0.6777; 277.0646
0.6833; 278.1808
0.6889; 279.2836
0.6944; 280.3733
0.7000; 281.4497
0.7055; 282.5132
0.7111; 283.5636
0.7166; 284.6011
0.7222; 285.6258
0.7277; 286.6377
0.7333; 287.6369
0.7389; 288.6235
0.7444; 289.5975
0.7500; 290.5590
0.7555; 291.5081
0.7611; 292.4449
0.7666; 293.3693
0.7722; 294.2815
0.7777; 295.1815
0.7833; 296.0694
0.7889; 296.9452
0.7944; 297.8091
0.8000; 298.6610
0.8055; 299.5010
0.8111; 300.3293
0.8166; 301.1457
0.8222; 301.9504
0.8277; 302.7435
0.8333; 303.5250
0.8389; 304.2949
0.8444; 305.0533
0.8500; 305.8002
0.8555; 306.5358
0.8611; 307.2600
0.8666; 307.9728
0.8722; 308.6744
0.8777; 309.3648
0.8833; 310.0441
0.8889; 310.7122
0.8944; 311.3692
0.9000; 312.0151
0.9055; 312.6501
0.9111; 313.2741
0.9166; 313.8872
0.9222; 314.4894
0.9277; 315.0808
0.9333; 315.6614
0.9389; 316.2312
0.9444; 316.7902
0.9500; 317.3386
0.9555; 317.8763
0.9611; 318.4034
0.9666; 318.9199
0.9722; 319.4258
0.9777; 319.9213
0.9833; 320.4062
0.9889; 320.8806
0.9944; 321.3446
1.0000; 321.7983
1.0055; 322.2415
1.0111; 322.6744
1.0166; 323.0969
1.0222; 323.5092
1.0277; 323.9112
1.0333; 324.3029
1.0389; 324.6845
1.0444; 325.0558
1.0500; 325.4170
1.0555; 325.7680
1.0611; 326.1088
1.0666; 326.4396
1.0722; 326.7603
1.0777; 327.0709
1.0833; 327.3715
1.0889; 327.6620
1.0944; 327.9425
1.1000; 328.2130
1.1055; 328.4736
1.1111; 328.7241
1.1166; 328.9648
1.1222; 329.1955
1.1277; 329.4163
1.1333; 329.6271
1.1389; 329.8281
1.1444; 330.0192
1.1500; 330.2005
1.1555; 330.3718
1.1611; 330.5334
1.1666; 330.6851
1.1722; 330.8270
1.1777; 330.9590
1.1833; 331.0812
1.1889; 331.1937
1.1944; 331.2963
1.2000; 331.3892
1.2055; 331.4723
1.2111; 331.5455
1.2166; 331.6091
1.2222; 331.6628
1.2277; 331.7068
1.2333; 331.7410
1.2389; 331.7654
1.2444; 331.7801
1.2500; 331.7851
1.2555; 331.7802
1.2611; 331.7656
1.2666; 331.7413
1.2722; 331.7072
1.2777; 331.6633
1.2833; 331.6096
1.2889; 331.5462
1.2944; 331.4730
1.3000; 331.3901
1.3055; 331.2973
1.3111; 331.1948
1.3166; 331.0824
1.3222; 330.9603
1.3277; 330.8283
1.3333; 330.6865
1.3389; 330.5349
1.3444; 330.3735
1.3500; 330.2022
1.3555; 330.0211
1.3611; 329.8301
1.3666; 329.6292
1.3722; 329.4184
1.3777; 329.1977
1.3833; 328.9671
1.3889; 328.7266
1.3944; 328.4761
1.4000; 328.2157
1.4055; 327.9453
1.4111; 327.6648
1.4166; 327.3744
1.4222; 327.0739
1.4277; 326.7634
1.4333; 326.4429
1.4389; 326.1122
1.4444; 325.7714
1.4500; 325.4205
1.4555; 325.0595
1.4611; 324.6882
1.4666; 324.3068
1.4722; 323.9152
1.4777; 323.5133
1.4833; 323.1011
1.4889; 322.6786
1.4944; 322.2459
1.5000; 321.8027
1.5055; 321.3492
1.5111; 320.8853
1.5166; 320.4110
1.5222; 319.9262
1.5277; 319.4309
1.5333; 318.9250
1.5389; 318.4086
1.5444; 317.8816
1.5500; 317.3440
1.5555; 316.7958
1.5611; 316.2368
1.5666; 315.6671
1.5722; 315.0866
1.5777; 314.4954
1.5833; 313.8933
1.5889; 313.2803
1.5944; 312.6564
1.6000; 312.0215
1.6055; 311.3757
1.6111; 310.7188
1.6166; 310.0508
1.6222; 309.3717
1.6277; 308.6814
1.6333; 307.9799
1.6389; 307.2671
1.6444; 306.5431
1.6500; 305.8076
1.6555; 305.0608
1.6611; 304.3025
1.6666; 303.5327
1.6722; 302.7514
1.6777; 301.9584
1.6833; 301.1538
1.6889; 300.3375
1.6944; 299.5094
1.7000; 298.6695
1.7055; 297.8177
1.7111; 296.9539
1.7166; 296.0782
1.7222; 295.1904
1.7277; 294.2905
1.7333; 293.3785
1.7389; 292.4542
1.7444; 291.5176
1.7500; 290.5686
1.7555; 289.6072
1.7611; 288.6333
1.7666; 287.6469
1.7722; 286.6478
1.7777; 285.6360
1.7833; 284.6114
1.7889; 283.5740
1.7944; 282.5237
1.8000; 281.4604
1.8055; 280.3841
1.8111; 279.2946
1.8166; 278.1919
1.8222; 277.0759
1.8277; 275.9465
1.8333; 274.8037
1.8389; 273.6473
1.8444; 272.4773
1.8500; 271.2936
1.8555; 270.0962
1.8611; 268.8848
1.8666; 267.6595
1.8722; 266.4202
1.8777; 265.1667
1.8833; 263.8989
1.8889; 262.6168
1.8944; 261.3204
1.9000; 260.0093
1.9055; 258.6837
1.9111; 257.3434
1.9166; 255.9882
1.9222; 254.6181
1.9277; 253.2330
1.9333; 251.8328
1.9389; 250.4173
1.9444; 248.9865
1.9500; 247.5403
1.9555; 246.0785
1.9611; 244.6010
1.9666; 243.1077
1.9722; 241.5985
1.9777; 240.0733
1.9833; 238.5319
1.9889; 236.9743
1.9944; 235.4003
2.0000; 233.8097
2.0055; 232.2026
2.0111; 230.5786
2.0166; 228.9378
2.0222; 227.2799
2.0277; 225.6049
2.0333; 223.9125
2.0389; 222.2027
2.0444; 220.4754
2.0500; 218.7303
2.0555; 216.9673
2.0611; 215.1863
2.0666; 213.3872
2.0722; 211.5697
2.0777; 209.7338
2.0833; 207.8793
2.0889; 206.0059
2.0944; 204.1136
2.1000; 202.2023
2.1055; 200.2716
2.1111; 198.3215
2.1166; 196.3518
2.1222; 194.3623
2.1278; 192.3529
2.1333; 190.3233
2.1389; 188.2735
2.1444; 186.2031
2.1500; 184.1120
2.1555; 182.0001
2.1611; 179.8671
2.1666; 177.7129
2.1722; 175.5372
2.1777; 173.3399
2.1833; 171.1207
2.1889; 168.8794
2.1944; 166.6159
2.2000; 164.3298
2.2055; 162.0211
2.2111; 159.6895
2.2166; 157.3347
2.2222; 154.9566
2.2277; 152.5548
2.2333; 150.1293
2.2389; 147.6796
2.2444; 145.2057
2.2500; 142.7072
2.2555; 140.1839
2.2611; 137.6355
2.2666; 135.0619
2.2722; 132.4626
2.2777; 129.8376
2.2833; 127.1864
2.2889; 124.5089
2.2944; 121.8047
2.3000; 119.0736
2.3055; 116.3153
2.3111; 113.5295
2.3166; 110.7159
2.3222; 107.8742
2.3277; 105.0041
2.3333; 102.1052
2.3389; 99.1774
2.3444; 96.2201
2.3500; 93.2333
2.3555; 90.2164
2.3611; 87.1691
2.3666; 84.0912
2.3722; 80.9823
2.3777; 77.8420
2.3833; 74.6699
2.3889; 71.4658
2.3944; 68.2291
2.4000; 64.9596
2.4055; 61.6569
2.4111; 58.3206
2.4166; 54.9502
2.4222; 51.5454
2.4277; 48.1057
2.4333; 44.6309
2.4389; 41.1203
2.4444; 37.5736
2.4500; 33.9904
2.4555; 30.3701
2.4611; 26.7124
2.4666; 23.0168
2.4722; 19.2828
2.4777; 15.5099
2.4833; 11.6977
2.4889; 7.8456
2.4944; 3.9531
2.4999; 0.0395
