0.0000; -0.0000
0.0400; 0.1807
0.0600; 0.4070
0.0800; 0.7240
0.1000; 1.1320
0.1200; 1.6315
0.1400; 2.2227
0.1600; 2.9061
0.1800; 3.6823
0.2000; 4.5519
0.2200; 5.5156
0.2400; 6.5742
0.2600; 7.7285
0.2800; 8.9795
0.3000; 10.3281
0.3200; 11.7756
0.3400; 13.3231
0.3600; 14.9719
0.3800; 16.7233
0.4000; 18.5789
0.4200; 20.5402
0.4400; 22.6089
0.4600; 24.7868
0.4800; 27.0757
0.5000; 29.4777
0.5200; 31.9950
0.5400; 34.6297
0.5600; 37.3842
0.5800; 40.2611
0.6000; 43.2631
0.6200; 46.3928
0.6400; 49.6533
0.6600; 53.0476
0.6800; 56.5792
0.7000; 60.2513
0.7200; 64.0677
0.7400; 68.0322
0.7600; 72.1489
0.7800; 76.4220
0.8000; 80.8560
0.8200; 85.4557
0.8400; 90.2260
0.8600; 95.1722
0.8800; 100.2998
0.9000; 105.6148
0.9200; 111.1254
0.9400; 116.6045
0.9600; 121.9339
0.9800; 127.1140
1.0000; 132.1450
1.0200; 137.0271
1.0400; 141.7607
1.0600; 146.3457
1.0800; 150.7823
1.1000; 155.0707
1.1200; 159.2108
1.1400; 163.2027
1.1600; 167.0465
1.1800; 170.7421
1.2000; 174.2896
1.2200; 177.6888
1.2400; 180.9398
1.2600; 184.0425
1.2800; 186.9969
1.3000; 189.8029
1.3200; 192.4604
1.3400; 194.9694
1.3600; 197.3297
1.3800; 199.5415
1.4000; 201.6044
1.4200; 203.5186
1.4400; 205.2839
1.4600; 206.9003
1.4800; 208.3676
1.5000; 209.6860
1.5200; 210.8552
1.5400; 211.8752
1.5600; 212.7461
1.5800; 213.4678
1.6000; 214.0401
1.6200; 214.4632
1.6400; 214.7370
1.6600; 214.8615
1.6800; 214.8368
1.7000; 214.6628
1.7200; 214.3394
1.7400; 213.8668
1.7600; 213.2449
1.7800; 212.4738
1.8000; 211.5534
1.8200; 210.4839
1.8400; 209.2652
1.8600; 207.8975
1.8800; 206.3807
1.9000; 204.7149
1.9200; 202.9002
1.9400; 200.9367
1.9600; 198.8244
1.9800; 196.5633
2.0000; 194.1537
2.0200; 191.5954
2.0400; 188.8887
2.0600; 186.0335
2.0800; 183.0299
2.1000; 179.8780
2.1200; 176.5778
2.1400; 173.1294
2.1600; 169.5328
2.1800; 165.7881
2.2000; 161.8951
2.2200; 157.8540
2.2400; 153.6648
2.2600; 149.3272
2.2800; 144.8414
2.3000; 140.2071
2.3200; 135.4243
2.3400; 130.4928
2.3600; 125.4124
2.3800; 120.1828
2.4000; 114.8038
2.4200; 109.2867
2.4400; 103.8428
2.4600; 98.5902
2.4800; 93.5230
2.5000; 88.6353
2.5200; 83.9218
2.5400; 79.3772
2.5600; 74.9967
2.5800; 70.7757
2.6000; 66.7096
2.6200; 62.7943
2.6400; 59.0258
2.6600; 55.4004
2.6800; 51.9144
2.7000; 48.5645
2.7200; 45.3474
2.7400; 42.2601
2.7600; 39.2997
2.7800; 36.4634
2.8000; 33.7486
2.8200; 31.1529
2.8400; 28.6738
2.8600; 26.3093
2.8800; 24.0571
2.9000; 21.9154
2.9200; 19.8823
2.9400; 17.9560
2.9600; 16.1349
2.9800; 14.4174
3.0000; 12.8022
3.0200; 11.2878
3.0400; 9.8730
3.0600; 8.5566
3.0800; 7.3376
3.1000; 6.2149
3.1200; 5.1877
3.1400; 4.2550
3.1600; 3.4163
3.1800; 2.6707
3.2000; 2.0177
3.2200; 1.4568
3.2400; 0.9875
3.2600; 0.6095
3.2800; 0.3224
3.3000; 0.1260
3.3200; 0.0203
3.3400; 0.0058
3.3600; 0.0836
3.3800; 0.2520
3.4000; 0.5110
3.4200; 0.8609
3.4400; 1.3019
3.4600; 1.8344
3.4800; 2.4587
3.5000; 3.1755
3.5200; 3.9851
3.5400; 4.8884
3.5600; 5.8860
3.5800; 6.9786
3.6000; 8.1673
3.6200; 9.4529
3.6400; 10.8365
3.6600; 12.3193
3.6800; 13.9024
3.7000; 15.5872
3.7200; 17.3750
3.7400; 19.2675
3.7600; 21.2661
3.7800; 23.3727
3.8000; 25.5890
3.8200; 27.9170
3.8400; 30.3587
3.8600; 32.9162
3.8800; 35.5919
3.9000; 38.3882
3.9200; 41.3077
3.9400; 44.3530
3.9600; 47.5270
3.9800; 50.8327
4.0000; 54.2734
4.0200; 57.8522
4.0400; 61.5728
4.0600; 65.4388
4.0800; 69.4542
4.1000; 73.6231
4.1200; 77.9499
4.1400; 82.4390
4.1600; 87.0954
4.1800; 91.9240
4.2000; 96.9303
4.2200; 102.1199
4.2400; 107.4988
4.2600; 112.9684
4.2800; 118.3976
4.3000; 123.6772
4.3200; 128.8075
4.3400; 133.7889
4.3600; 138.6215
4.3800; 143.3055
4.4000; 147.8410
4.4200; 152.2282
4.4400; 156.4672
4.4600; 160.5579
4.4800; 164.5005
4.5000; 168.2949
4.5200; 171.9411
4.5400; 175.4391
4.5600; 178.7890
4.5800; 181.9905
4.6000; 185.0438
4.6200; 187.9487
4.6400; 190.7052
4.6600; 193.3132
4.6800; 195.7727
4.7000; 198.0835
4.7200; 200.2456
4.7400; 202.2590
4.7600; 204.1236
4.7800; 205.8392
4.8000; 207.4059
4.8200; 208.8236
4.8400; 210.0923
4.8600; 211.2118
4.8800; 212.1821
4.9000; 213.0032
4.9200; 213.6751
4.9400; 214.1978
4.9600; 214.5711
4.9800; 214.7951
5.0000; 214.8698
5.0200; 214.7953
5.0400; 214.5716
5.0600; 214.1985
5.0800; 213.6761
5.1000; 213.0045
5.1200; 212.1836
5.1400; 211.2135
5.1600; 210.0942
5.1800; 208.8259
5.2000; 207.4084
5.2200; 205.8420
5.2400; 204.1265
5.2600; 202.2622
5.2800; 200.2491
5.3000; 198.0872
5.3200; 195.7766
5.3400; 193.3174
5.3600; 190.7097
5.3800; 187.9534
5.4000; 185.0487
5.4200; 181.9957
5.4400; 178.7944
5.4600; 175.4448
5.4800; 171.9470
5.5000; 168.3010
5.5200; 164.5069
5.5400; 160.5646
5.5600; 156.4741
5.5800; 152.2354
5.6000; 147.8484
5.6200; 143.3131
5.6400; 138.6294
5.6600; 133.7970
5.6800; 128.8159
5.7000; 123.6858
5.7200; 118.4064
5.7400; 112.9775
5.7600; 107.4504
5.7800; 102.0709
5.8000; 96.8808
5.8200; 91.8741
5.8400; 87.0450
5.8600; 82.3884
5.8800; 77.8991
5.9000; 73.5722
5.9200; 69.4033
5.9400; 65.3879
5.9600; 61.5220
5.9800; 57.8016
6.0000; 54.2231
6.0200; 50.7828
6.0400; 47.4775
6.0600; 44.3041
6.0800; 41.2594
6.1000; 38.3406
6.1200; 35.5451
6.1400; 32.8702
6.1600; 30.3136
6.1800; 27.8730
6.2000; 25.5461
6.2200; 23.3310
6.2400; 21.2257
6.2600; 19.2284
6.2800; 17.3373
6.3000; 15.5510
6.3200; 13.8677
6.3400; 12.2862
6.3600; 10.8052
6.3800; 9.4233
6.4000; 8.1395
6.4200; 6.9527
6.4400; 5.8619
6.4600; 4.8663
6.4800; 3.9651
6.5000; 3.1574
6.5200; 2.4428
6.5400; 1.8206
6.5600; 1.2902
6.5800; 0.8514
6.6000; 0.5037
6.6200; 0.2469
6.6400; 0.0807
6.6600; 0.0051
6.6800; 0.0217
6.7000; 0.1297
6.7200; 0.3283
6.7400; 0.6176
6.7600; 0.9978
6.7800; 1.4692
6.8000; 2.0323
6.8200; 2.6874
6.8400; 3.4350
6.8600; 4.2758
6.8800; 5.2104
6.9000; 6.2396
6.9200; 7.3642
6.9400; 8.5850
6.9600; 9.9032
6.9800; 11.3197
7.0000; 12.8358
7.0200; 14.4526
7.0400; 16.1716
7.0600; 17.9942
7.0800; 19.9218
7.1000; 21.9563
7.1200; 24.0992
7.1400; 26.3525
7.1600; 28.7181
7.1800; 31.1982
7.2000; 33.7949
7.2200; 36.5105
7.2400; 39.3476
7.2600; 42.3087
7.2800; 45.3966
7.3000; 48.6141
7.3200; 51.9645
7.3400; 55.4508
7.3600; 59.0765
7.3800; 62.8451
7.4000; 66.7605
7.4200; 70.8266
7.4400; 75.0476
7.4600; 79.4280
7.4800; 83.9723
7.5000; 88.6855
7.5200; 93.5728
7.5400; 98.6395
7.5600; 103.8915
7.5800; 109.3349
7.6000; 114.7948
7.6200; 120.1740
7.6400; 125.4039
7.6600; 130.4845
7.6800; 135.4163
7.7000; 140.1993
7.7200; 144.8338
7.7400; 149.3199
7.7600; 153.6577
7.7800; 157.8472
7.8000; 161.8886
7.8200; 165.7817
7.8400; 169.5267
7.8600; 173.1236
7.8800; 176.5722
7.9000; 179.8726
7.9200; 183.0248
7.9400; 186.0286
7.9600; 188.8840
7.9800; 191.5910
8.0000; 194.1495
8.0200; 196.5595
8.0400; 198.8207
8.0600; 200.9333
8.0800; 202.8971
8.1000; 204.7120
8.1200; 206.3780
8.1400; 207.8951
8.1600; 209.2631
8.1800; 210.4820
8.2000; 211.5518
8.2200; 212.4724
8.2400; 213.2438
8.2600; 213.8659
8.2800; 214.3388
8.3000; 214.6623
8.3200; 214.8366
8.3400; 214.8616
8.3600; 214.7373
8.3800; 214.4638
8.4000; 214.0410
8.4200; 213.4688
8.4400; 212.7474
8.4600; 211.8768
8.4800; 210.8570
8.5000; 209.6880
8.5200; 208.3699
8.5400; 206.9028
8.5600; 205.2867
8.5800; 203.5216
8.6000; 201.6077
8.6200; 199.5450
8.6400; 197.3335
8.6600; 194.9734
8.6800; 192.4647
8.7000; 189.8074
8.7200; 187.0017
8.7400; 184.0476
8.7600; 180.9451
8.7800; 177.6943
8.8000; 174.2953
8.8200; 170.7482
8.8400; 167.0528
8.8600; 163.2092
8.8800; 159.2175
8.9000; 155.0777
8.9200; 150.7895
8.9400; 146.3531
8.9600; 141.7684
8.9800; 137.0351
9.0000; 132.1532
9.0200; 127.1224
9.0400; 121.9426
9.0600; 116.6134
9.0800; 111.1346
9.1000; 105.6358
9.1200; 100.3202
9.1400; 95.1918
9.1600; 90.2449
9.1800; 85.4739
9.2000; 80.8736
9.2200; 76.4390
9.2400; 72.1653
9.2600; 68.0480
9.2800; 64.0829
9.3000; 60.2659
9.3200; 56.5932
9.3400; 53.0611
9.3600; 49.6662
9.3800; 46.4052
9.4000; 43.2750
9.4200; 40.2726
9.4400; 37.3952
9.4600; 34.6402
9.4800; 32.0050
9.5000; 29.4873
9.5200; 27.0848
9.5400; 24.7955
9.5600; 22.6172
9.5800; 20.5480
9.6000; 18.5863
9.6200; 16.7303
9.6400; 14.9785
9.6600; 13.3293
9.6800; 11.7814
9.7000; 10.3336
9.7200; 8.9845
9.7400; 7.7332
9.7600; 6.5785
9.7800; 5.5195
9.8000; 4.5555
9.8200; 3.6855
9.8400; 2.9089
9.8600; 2.2251
9.8800; 1.6336
9.9000; 1.1338
9.9200; 0.7254
9.9400; 0.4080
9.9600; 0.1814
9.9800; 0.0455
10.0000; 0.0000
