0.0000; 0.0000
0.0400; 0.3997
0.0600; 0.5997
0.0800; 0.7997
0.1000; 0.9997
0.1200; 1.1997
0.1400; 1.3997
0.1600; 1.5997
0.1800; 1.7997
0.2000; 1.9997
0.2200; 2.1997
0.2400; 2.3997
0.2600; 2.5997
0.2800; 2.7997
0.3000; 2.9997
0.3200; 3.1997
0.3400; 3.3997
0.3600; 3.5997
0.3800; 3.7997
0.4000; 3.9997
0.4200; 4.1997
0.4400; 4.3997
0.4600; 4.5997
0.4800; 4.7997
0.5000; 4.9997
0.5200; 5.1997
0.5400; 5.3997
0.5600; 5.5997
0.5800; 5.7997
0.6000; 5.9997
0.6200; 6.1997
0.6400; 6.3997
0.6600; 6.5997
0.6800; 6.7997
0.7000; 6.9997
0.7200; 7.1997
0.7400; 7.3997
0.7600; 7.5997
0.7800; 7.7997
0.8000; 7.9997
0.8200; 8.1997
0.8400; 8.3997
0.8600; 8.5997
0.8800; 8.7997
0.9000; 8.9997
0.9200; 9.1304
0.9400; 8.8760
0.9600; 8.6225
0.9800; 8.3699
1.0000; 8.1182
1.0200; 7.8672
1.0400; 7.6171
1.0600; 7.3677
1.0800; 7.1190
1.1000; 6.8709
1.1200; 6.6235
1.1400; 6.3766
1.1600; 6.1303
1.1800; 5.8845
1.2000; 5.6392
1.2200; 5.3944
1.2400; 5.1500
1.2600; 4.9060
1.2800; 4.6624
1.3000; 4.4192
1.3200; 4.1764
1.3400; 3.9338
1.3600; 3.6915
1.3800; 3.4496
1.4000; 3.2078
1.4200; 2.9663
1.4400; 2.7251
1.4600; 2.4840
1.4800; 2.2431
1.5000; 2.0023
1.5200; 1.7617
1.5400; 1.5213
1.5600; 1.2809
1.5800; 1.0406
1.6000; 0.8004
1.6200; 0.5603
1.6400; 0.3202
1.6600; 0.0801
1.6800; -0.1597
1.7000; -0.3998
1.7200; -0.6399
1.7400; -0.8801
1.7600; -1.1203
1.7800; -1.3606
1.8000; -1.6010
1.8200; -1.8415
1.8400; -2.0822
1.8600; -2.3230
1.8800; -2.5639
1.9000; -2.8051
1.9200; -3.0464
1.9400; -3.2880
1.9600; -3.5298
1.9800; -3.7719
2.0000; -4.0142
2.0200; -4.2569
2.0400; -4.4999
2.0600; -4.7432
2.0800; -4.9869
2.1000; -5.2310
2.1200; -5.4755
2.1400; -5.7205
2.1600; -5.9660
2.1800; -6.2119
2.2000; -6.4584
2.2200; -6.7055
2.2400; -6.9531
2.2600; -7.2014
2.2800; -7.4503
2.3000; -7.7000
2.3200; -7.9504
2.3400; -8.2016
2.3600; -8.4536
2.3800; -8.7065
2.4000; -8.9603
2.4200; -9.1338
2.4400; -8.9338
2.4600; -8.7338
2.4800; -8.5338
2.5000; -8.3338
2.5200; -8.1338
2.5400; -7.9338
2.5600; -7.7338
2.5800; -7.5338
2.6000; -7.3338
2.6200; -7.1338
2.6400; -6.9338
2.6600; -6.7338
2.6800; -6.5338
2.7000; -6.3338
2.7200; -6.1338
2.7400; -5.9338
2.7600; -5.7338
2.7800; -5.5338
2.8000; -5.3338
2.8200; -5.1338
2.8400; -4.9338
2.8600; -4.7338
2.8800; -4.5338
2.9000; -4.3338
2.9200; -4.1338
2.9400; -3.9338
2.9600; -3.7338
2.9800; -3.5338
3.0000; -3.3338
3.0200; -3.1338
3.0400; -2.9338
3.0600; -2.7338
3.0800; -2.5338
3.1000; -2.3338
3.1200; -2.1338
3.1400; -1.9338
3.1600; -1.7338
3.1800; -1.5338
3.2000; -1.3338
3.2200; -1.1338
3.2400; -0.9338
3.2600; -0.7338
3.2800; -0.5338
3.3000; -0.3338
3.3200; -0.1338
3.3400; 0.0572
3.3600; 0.2572
3.3800; 0.4572
3.4000; 0.6572
3.4200; 0.8572
3.4400; 1.0572
3.4600; 1.2571
3.4800; 1.4571
3.5000; 1.6571
3.5200; 1.8571
3.5400; 2.0571
3.5600; 2.2571
3.5800; 2.4571
3.6000; 2.6570
3.6200; 2.8570
3.6400; 3.0570
3.6600; 3.2570
3.6800; 3.4570
3.7000; 3.6569
3.7200; 3.8569
3.7400; 4.0569
3.7600; 4.2568
3.7800; 4.4568
3.8000; 4.6568
3.8200; 4.8567
3.8400; 5.0567
3.8600; 5.2566
3.8800; 5.4566
3.9000; 5.6566
3.9200; 5.8565
3.9400; 6.0565
3.9600; 6.2564
3.9800; 6.4564
4.0000; 6.6563
4.0200; 6.8562
4.0400; 7.0562
4.0600; 7.2561
4.0800; 7.4561
4.1000; 7.6560
4.1200; 7.8559
4.1400; 8.0559
4.1600; 8.2558
4.1800; 8.4557
4.2000; 8.6556
4.2200; 8.8555
4.2400; 9.0555
4.2600; 9.0455
4.2800; 8.7914
4.3000; 8.5382
4.3200; 8.2859
4.3400; 8.0344
4.3600; 7.7838
4.3800; 7.5339
4.4000; 7.2847
4.4200; 7.0362
4.4400; 6.7884
4.4600; 6.5411
4.4800; 6.2944
4.5000; 6.0483
4.5200; 5.8027
4.5400; 5.5576
4.5600; 5.3129
4.5800; 5.0686
4.6000; 4.8248
4.6200; 4.5813
4.6400; 4.3382
4.6600; 4.0955
4.6800; 3.8530
4.7000; 3.6108
4.7200; 3.3689
4.7400; 3.1273
4.7600; 2.8859
4.7800; 2.6447
4.8000; 2.4037
4.8200; 2.1628
4.8400; 1.9221
4.8600; 1.6816
4.8800; 1.4411
4.9000; 1.2008
4.9200; 0.9606
4.9400; 0.7204
4.9600; 0.4802
4.9800; 0.2401
5.0000; 0.0001
5.0200; -0.2397
5.0400; -0.4798
5.0600; -0.7200
5.0800; -0.9602
5.1000; -1.2004
5.1200; -1.4407
5.1400; -1.6812
5.1600; -1.9217
5.1800; -2.1624
5.2000; -2.4033
5.2200; -2.6443
5.2400; -2.8855
5.2600; -3.1269
5.2800; -3.3685
5.3000; -3.6104
5.3200; -3.8526
5.3400; -4.0951
5.3600; -4.3378
5.3800; -4.5809
5.4000; -4.8244
5.4200; -5.0682
5.4400; -5.3125
5.4600; -5.5571
5.4800; -5.8023
5.5000; -6.0479
5.5200; -6.2940
5.5400; -6.5407
5.5600; -6.7879
5.5800; -7.0358
5.6000; -7.2843
5.6200; -7.5335
5.6400; -7.7834
5.6600; -8.0340
5.6800; -8.2855
5.7000; -8.5378
5.7200; -8.7909
5.7400; -9.0451
5.7600; -9.0672
5.7800; -8.8672
5.8000; -8.6672
5.8200; -8.4672
5.8400; -8.2672
5.8600; -8.0672
5.8800; -7.8672
5.9000; -7.6672
5.9200; -7.4672
5.9400; -7.2672
5.9600; -7.0672
5.9800; -6.8672
6.0000; -6.6672
6.0200; -6.4672
6.0400; -6.2672
6.0600; -6.0672
6.0800; -5.8672
6.1000; -5.6672
6.1200; -5.4672
6.1400; -5.2672
6.1600; -5.0672
6.1800; -4.8672
6.2000; -4.6672
6.2200; -4.4672
6.2400; -4.2672
6.2600; -4.0672
6.2800; -3.8672
6.3000; -3.6672
6.3200; -3.4672
6.3400; -3.2672
6.3600; -3.0672
6.3800; -2.8672
6.4000; -2.6672
6.4200; -2.4672
6.4400; -2.2672
6.4600; -2.0672
6.4800; -1.8672
6.5000; -1.6672
6.5200; -1.4672
6.5400; -1.2672
6.5600; -1.0672
6.5800; -0.8672
6.6000; -0.6672
6.6200; -0.4672
6.6400; -0.2672
6.6600; -0.0672
6.6800; 0.1238
6.7000; 0.3238
6.7200; 0.5238
6.7400; 0.7238
6.7600; 0.9238
6.7800; 1.1238
6.8000; 1.3238
6.8200; 1.5238
6.8400; 1.7238
6.8600; 1.9238
6.8800; 2.1238
6.9000; 2.3237
6.9200; 2.5237
6.9400; 2.7237
6.9600; 2.9237
6.9800; 3.1237
7.0000; 3.3236
7.0200; 3.5236
7.0400; 3.7236
7.0600; 3.9236
7.0800; 4.1235
7.1000; 4.3235
7.1200; 4.5235
7.1400; 4.7234
7.1600; 4.9234
7.1800; 5.1233
7.2000; 5.3233
7.2200; 5.5233
7.2400; 5.7232
7.2600; 5.9232
7.2800; 6.1231
7.3000; 6.3231
7.3200; 6.5230
7.3400; 6.7230
7.3600; 6.9229
7.3800; 7.1228
7.4000; 7.3228
7.4200; 7.5227
7.4400; 7.7226
7.4600; 7.9226
7.4800; 8.1225
7.5000; 8.3224
7.5200; 8.5223
7.5400; 8.7223
7.5600; 8.9222
7.5800; 9.1221
7.6000; 8.9607
7.6200; 8.7069
7.6400; 8.4540
7.6600; 8.2020
7.6800; 7.9508
7.7000; 7.7004
7.7200; 7.4508
7.7400; 7.2018
7.7600; 6.9535
7.7800; 6.7059
7.8000; 6.4588
7.8200; 6.2123
7.8400; 5.9664
7.8600; 5.7209
7.8800; 5.4759
7.9000; 5.2314
7.9200; 4.9873
7.9400; 4.7436
7.9600; 4.5003
7.9800; 4.2573
8.0000; 4.0146
8.0200; 3.7723
8.0400; 3.5302
8.0600; 3.2884
8.0800; 3.0468
8.1000; 2.8055
8.1200; 2.5643
8.1400; 2.3234
8.1600; 2.0826
8.1800; 1.8419
8.2000; 1.6014
8.2200; 1.3610
8.2400; 1.1207
8.2600; 0.8805
8.2800; 0.6403
8.3000; 0.4002
8.3200; 0.1601
8.3400; -0.0797
8.3600; -0.3198
8.3800; -0.5599
8.4000; -0.8000
8.4200; -1.0402
8.4400; -1.2805
8.4600; -1.5209
8.4800; -1.7613
8.5000; -2.0019
8.5200; -2.2427
8.5400; -2.4836
8.5600; -2.7247
8.5800; -2.9659
8.6000; -3.2074
8.6200; -3.4491
8.6400; -3.6911
8.6600; -3.9334
8.6800; -4.1759
8.7000; -4.4188
8.7200; -4.6620
8.7400; -4.9056
8.7600; -5.1496
8.7800; -5.3940
8.8000; -5.6388
8.8200; -5.8841
8.8400; -6.1299
8.8600; -6.3762
8.8800; -6.6230
8.9000; -6.8705
8.9200; -7.1186
8.9400; -7.3673
8.9600; -7.6167
8.9800; -7.8668
9.0000; -8.1177
9.0200; -8.3695
9.0400; -8.6221
9.0600; -8.8755
9.0800; -9.1300
9.1000; -9.0005
9.1200; -8.8005
9.1400; -8.6005
9.1600; -8.4005
9.1800; -8.2005
9.2000; -8.0005
9.2200; -7.8005
9.2400; -7.6005
9.2600; -7.4005
9.2800; -7.2005
9.3000; -7.0005
9.3200; -6.8005
9.3400; -6.6005
9.3600; -6.4005
9.3800; -6.2005
9.4000; -6.0005
9.4200; -5.8005
9.4400; -5.6005
9.4600; -5.4005
9.4800; -5.2005
9.5000; -5.0005
9.5200; -4.8005
9.5400; -4.6005
9.5600; -4.4005
9.5800; -4.2005
9.6000; -4.0005
9.6200; -3.8005
9.6400; -3.6005
9.6600; -3.4005
9.6800; -3.2005
9.7000; -3.0005
9.7200; -2.8005
9.7400; -2.6005
9.7600; -2.4005
9.7800; -2.2005
9.8000; -2.0005
9.8200; -1.8005
9.8400; -1.6005
9.8600; -1.4005
9.8800; -1.2005
9.9000; -1.0005
9.9200; -0.8005
9.9400; -0.6005
9.9600; -0.4005
9.9800; -0.2005
10.0000; -0.0005
